100 1584
0 2 0.956
1 2 0.948
1 4 0.057
2 4 0.085
3 4 0.835
0 7 0.736
1 7 0.67
1 8 0.308
2 8 0.606
3 8 0.607
5 8 0.581
1 9 0.158
2 9 0.431
4 9 0.394
5 9 0.723
6 9 0.995
2 10 0.949
3 10 0.544
3 11 0.445
4 11 0.268
5 11 0.036
8 11 0.027
10 11 0.465
2 12 0.318
3 12 0.38
4 12 0.892
6 12 0.526
9 12 0.561
10 12 0.236
1 13 0.024
10 13 0.325
0 14 0.137
2 14 0.51
4 14 0.999
6 14 0.674
12 14 0.182
13 14 0.894
0 15 0.797
1 15 0.734
2 15 0.907
3 15 0.763
4 15 0.79
6 15 0.354
0 16 0.981
2 16 0.962
11 16 0.161
14 16 0.754
6 17 0.715
9 17 0.461
11 17 0.53
12 17 0.49
15 17 0.925
2 18 0.501
8 18 0.832
12 18 0.354
16 18 0.883
1 19 0.9
2 19 0.461
6 19 0.568
7 19 0.92
12 19 0.724
13 19 0.487
15 19 0.222
18 19 0.325
2 20 0.7
7 20 0.166
11 20 0.908
16 20 0.268
18 20 0.911
1 21 0.31
3 21 0.957
4 21 0.706
13 21 0.504
14 21 0.518
19 21 0.651
0 22 0.588
7 22 0.312
10 22 0.208
11 22 0.512
13 22 0.934
17 22 0.623
18 22 0.075
19 22 0.82
20 22 0.726
21 22 0.908
0 23 0.191
1 23 0.745
4 23 0.059
10 23 0.653
12 23 0.273
18 23 0.227
19 23 0.875
0 24 0.106
1 24 0.522
2 24 0.854
3 24 0.245
6 24 0.21
8 24 0.881
9 24 0.423
10 24 0.717
13 24 0.032
15 24 0.362
19 24 0.172
22 24 0.673
23 24 0.083
2 25 0.955
6 25 0.025
18 25 0.729
19 25 0.021
20 25 0.256
22 25 0.813
0 26 0.157
1 26 0.184
5 26 0.691
6 26 0.386
10 26 0.043
14 26 0.99
20 26 0.151
21 26 0.036
22 26 0.344
23 26 0.615
24 26 0.742
25 26 0.113
2 27 0.337
3 27 0.031
5 27 0.449
8 27 0.766
12 27 0.74
13 27 0.902
14 27 0.756
15 27 0.862
16 27 0.705
18 27 0.473
23 27 0.226
25 27 0.661
2 28 0.316
5 28 0.102
6 28 0.448
8 28 0.875
9 28 0.128
19 28 0.585
25 28 0.393
2 29 0.515
4 29 0.144
5 29 0.96
7 29 0.259
15 29 0.606
4 30 0.42
5 30 0.018
16 30 0.558
19 30 0.141
21 30 0.057
22 30 0.034
23 30 0.161
25 30 0.096
26 30 0.635
0 31 0.508
1 31 0.983
2 31 0.934
10 31 0.995
12 31 0.232
13 31 0.445
22 31 0.251
23 31 0.591
25 31 0.624
27 31 0.8
30 31 0.709
0 32 0.257
1 32 0.423
4 32 0.526
5 32 0.005
6 32 0.035
7 32 0.409
13 32 0.111
14 32 0.724
15 32 0.241
16 32 0.1
17 32 0.182
18 32 0.232
23 32 0.217
25 32 0.521
27 32 0.464
28 32 0.31
6 33 0.642
7 33 0.212
8 33 0.907
10 33 0.963
11 33 0.729
13 33 0.434
15 33 0.512
16 33 0.581
20 33 0.051
22 33 0.418
24 33 0.525
26 33 0.181
28 33 0.094
30 33 0.803
4 34 0.366
10 34 0.519
11 34 0.921
13 34 0.611
14 34 0.29
16 34 0.984
17 34 0.372
22 34 0.019
24 34 0.685
25 34 0.101
26 34 0.306
31 34 0.841
32 34 0.673
33 34 0.016
3 35 0.451
4 35 0.411
11 35 0.486
18 35 0.208
22 35 0.589
26 35 0.074
27 35 0.284
30 35 0.373
31 35 0.935
32 35 0.077
0 36 0.755
1 36 0.192
3 36 0.572
10 36 0.392
20 36 0.463
22 36 0.754
24 36 0.395
28 36 0.122
32 36 0.122
4 37 0.081
5 37 0.85
9 37 0.641
14 37 0.96
25 37 0.693
27 37 0.025
29 37 0.659
30 37 0.777
34 37 0.724
35 37 0.498
0 38 0.358
2 38 0.457
4 38 0.799
9 38 0.269
11 38 0.526
15 38 0.478
17 38 0.955
27 38 0.804
28 38 0.932
30 38 0.836
31 38 0.297
32 38 0.232
0 39 0.489
1 39 0.259
2 39 0.428
5 39 0.679
7 39 0.919
11 39 0.586
12 39 0.818
15 39 0.096
16 39 0.356
21 39 0.998
23 39 0.147
3 40 0.417
8 40 0.067
10 40 0.086
11 40 0.896
14 40 0.989
17 40 0.648
20 40 0.129
21 40 0.296
23 40 0.232
29 40 0.671
31 40 0.681
33 40 0.439
0 41 0.524
4 41 0.112
6 41 0.541
9 41 0.95
11 41 0.756
19 41 0.096
21 41 0.517
24 41 0.715
28 41 0.257
29 41 0.895
30 41 0.461
35 41 0.703
36 41 0.404
40 41 0.995
1 42 0.783
5 42 0.573
7 42 0.145
10 42 0.441
14 42 0.029
22 42 0.595
26 42 0.882
32 42 0.18
38 42 0.51
39 42 0.482
3 43 0.405
8 43 0.71
10 43 0.937
15 43 0.705
17 43 0.472
19 43 0.962
29 43 0.331
38 43 0.746
40 43 0.658
42 43 0.762
0 44 0.852
1 44 0.225
3 44 0.621
5 44 0.403
11 44 0.667
12 44 0.977
20 44 0.635
23 44 0.012
24 44 0.465
25 44 0.712
26 44 0.883
28 44 0.65
29 44 0.816
30 44 0.017
31 44 0.943
33 44 0.729
35 44 0.606
36 44 0.905
40 44 0.885
42 44 0.1
1 45 0.816
2 45 0.767
4 45 0.2
5 45 0.744
13 45 0.586
26 45 0.191
28 45 0.804
30 45 0.138
31 45 0.612
35 45 0.434
37 45 0.254
38 45 0.566
43 45 0.467
2 46 0.205
4 46 0.967
7 46 0.073
8 46 0.003
9 46 0.485
13 46 0.837
17 46 0.658
19 46 0.755
23 46 0.485
28 46 0.675
32 46 0.335
33 46 0.267
34 46 0.503
35 46 0.028
36 46 0.08
37 46 0.754
2 47 0.174
14 47 0.75
18 47 0.784
22 47 0.404
28 47 0.675
33 47 0.787
37 47 0.864
42 47 0.135
46 47 0.163
0 48 0.382
1 48 0.465
2 48 0.295
8 48 0.01
9 48 0.557
10 48 0.967
12 48 0.366
14 48 0.538
15 48 0.382
17 48 0.443
20 48 0.87
21 48 0.308
22 48 0.649
31 48 0.484
36 48 0.539
38 48 0.915
41 48 0.077
45 48 0.824
4 49 0.304
11 49 0.646
17 49 0.796
18 49 0.653
22 49 0.393
23 49 0.841
24 49 0.093
32 49 0.633
33 49 0.391
36 49 0.53
41 49 0.851
43 49 0.798
5 50 0.629
6 50 0.308
9 50 0.233
11 50 0.458
14 50 0.232
21 50 0.277
23 50 0.958
28 50 0.112
29 50 0.819
33 50 0.379
37 50 0.365
39 50 0.318
41 50 0.077
46 50 0.457
21 51 0.166
33 51 0.442
38 51 0.292
44 51 0.895
50 51 0.922
3 52 0.442
4 52 0.64
10 52 0.93
13 52 0.326
18 52 0.1
19 52 0.238
20 52 0.19
22 52 0.678
24 52 0.374
25 52 0.356
26 52 0.795
27 52 0.233
31 52 0.809
32 52 0.633
33 52 0.4
39 52 0.824
40 52 0.342
45 52 0.879
47 52 0.926
50 52 0.503
0 53 0.69
2 53 0.949
8 53 0.743
10 53 0.751
14 53 0.869
16 53 0.936
17 53 0.754
24 53 0.979
28 53 0.292
29 53 0.622
33 53 0.671
35 53 0.367
36 53 0.395
43 53 0.175
44 53 0.958
45 53 0.354
50 53 0.477
4 54 0.894
11 54 0.186
12 54 0.961
15 54 0.127
16 54 0.028
22 54 0.351
23 54 0.359
31 54 0.918
32 54 0.883
33 54 0.762
37 54 0.436
44 54 0.543
9 55 0.237
11 55 0.834
12 55 0.39
13 55 0.285
20 55 0.638
23 55 0.151
24 55 0.316
26 55 0.926
28 55 0.095
31 55 0.142
33 55 0.204
34 55 0.251
35 55 0.42
37 55 0.25
44 55 0.343
46 55 0.246
47 55 0.24
50 55 0.611
52 55 0.336
53 55 0.373
2 56 0.768
3 56 0.062
4 56 0.144
7 56 0.851
8 56 0.43
13 56 0.779
17 56 0.133
18 56 0.523
20 56 0.845
21 56 0.338
25 56 0.768
27 56 0.61
28 56 0.395
34 56 0.997
36 56 0.392
37 56 0.474
40 56 0.619
46 56 0.317
48 56 0.838
51 56 0.598
52 56 0.588
55 56 0.539
0 57 0.985
1 57 0.989
4 57 0.841
5 57 0.455
6 57 0.412
8 57 0.525
9 57 0.046
10 57 0.108
13 57 0.995
18 57 0.128
20 57 0.937
21 57 0.68
28 57 0.915
31 57 0.077
32 57 0.306
33 57 0.798
34 57 0.009
35 57 0.106
36 57 0.351
39 57 0.173
44 57 0.147
45 57 0.67
49 57 0.092
50 57 0.972
56 57 0.649
2 58 0.05
4 58 0.899
5 58 0.242
7 58 0.481
10 58 0.559
12 58 0.139
13 58 0.502
19 58 0.06
23 58 0.2
25 58 0.919
27 58 0.822
28 58 0.523
33 58 0.682
36 58 0.876
37 58 0.14
40 58 0.492
42 58 0.132
49 58 0.117
50 58 0.108
53 58 0.212
57 58 0.053
2 59 0.215
7 59 0.379
8 59 0.623
13 59 0.859
16 59 0.904
17 59 0.718
21 59 0.507
25 59 0.917
28 59 0.163
29 59 0.105
32 59 0.818
34 59 0.627
41 59 0.21
43 59 0.377
44 59 0.297
45 59 0.431
53 59 0.428
2 60 0.398
4 60 0.798
11 60 0.812
14 60 0.562
16 60 0.473
19 60 0.284
30 60 0.765
34 60 0.987
37 60 0.229
40 60 0.703
42 60 0.699
45 60 0.658
50 60 0.031
51 60 0.552
57 60 0.202
58 60 0.194
0 61 0.58
2 61 0.645
4 61 0.625
7 61 0.742
11 61 0.703
12 61 0.475
16 61 0.048
17 61 0.772
24 61 0.823
28 61 0.835
30 61 0.598
34 61 0.038
35 61 0.196
39 61 0.108
42 61 0.636
54 61 0.544
56 61 0.186
58 61 0.956
59 61 0.978
3 62 0.899
5 62 0.464
6 62 0.292
12 62 0.209
13 62 0.824
22 62 0.701
24 62 0.277
31 62 0.902
32 62 0.569
34 62 0.413
37 62 0.415
40 62 0.72
44 62 0.455
47 62 0.659
49 62 0.122
54 62 0.702
56 62 0.272
58 62 0.91
59 62 0.214
60 62 0.333
1 63 0.538
2 63 0.392
4 63 0.525
7 63 0.924
20 63 0.201
21 63 0.772
22 63 0.693
23 63 0.786
28 63 0.448
31 63 0.455
37 63 0.346
39 63 0.473
43 63 0.255
46 63 0.191
51 63 0.476
58 63 0.192
59 63 0.469
60 63 0.573
3 64 0.309
5 64 0.17
10 64 0.605
12 64 0.86
17 64 0.222
26 64 0.616
32 64 0.659
34 64 0.885
37 64 0.682
42 64 0.308
46 64 0.207
47 64 0.837
48 64 0.299
49 64 0.013
54 64 0.87
55 64 0.198
57 64 0.313
62 64 0.319
0 65 0.256
2 65 0.724
4 65 0.343
11 65 0.441
16 65 0.419
18 65 0.833
24 65 0.018
27 65 0.58
29 65 0.132
39 65 0.151
46 65 0.607
47 65 0.376
51 65 0.065
53 65 0.588
62 65 0.914
3 66 0.645
6 66 0.496
10 66 0.801
11 66 0.916
13 66 0.151
18 66 0.299
21 66 0.965
24 66 0.926
26 66 0.203
27 66 0.704
28 66 0.874
32 66 0.591
33 66 0.702
34 66 0.524
39 66 0.235
41 66 0.213
43 66 0.062
53 66 0.666
54 66 0.138
55 66 0.621
60 66 0.391
61 66 0.436
63 66 0.97
1 67 0.392
2 67 0.475
9 67 0.38
10 67 0.215
12 67 0.224
15 67 0.533
22 67 0.817
25 67 0.091
27 67 0.946
29 67 0.675
30 67 0.054
32 67 0.707
44 67 0.402
48 67 0.515
49 67 0.101
53 67 0.51
55 67 0.52
56 67 0.782
57 67 0.581
59 67 0.705
61 67 0.735
63 67 0.221
6 68 0.025
13 68 0.479
20 68 0.129
21 68 0.142
27 68 0.322
29 68 0.538
34 68 0.616
39 68 0.646
48 68 0.943
51 68 0.102
52 68 0.558
53 68 0.087
61 68 0.67
62 68 0.437
66 68 0.14
67 68 0.311
11 69 0.661
12 69 0.473
19 69 0.944
21 69 0.355
22 69 0.34
23 69 0.923
25 69 0.606
28 69 0.107
35 69 0.784
38 69 0.363
39 69 0.947
44 69 0.636
47 69 0.805
50 69 0.896
51 69 0.509
54 69 0.967
55 69 0.026
61 69 0.34
2 70 0.838
4 70 0.008
5 70 0.672
7 70 0.999
12 70 0.715
17 70 0.862
29 70 0.077
30 70 0.54
40 70 0.61
42 70 0.436
43 70 0.419
44 70 0.791
45 70 0.163
49 70 0.045
55 70 0.593
57 70 0.966
58 70 0.827
59 70 0.673
66 70 0.295
1 71 0.904
4 71 0.04
5 71 0.247
6 71 0.788
7 71 0.895
9 71 0.403
10 71 0.909
12 71 0.111
14 71 0.597
18 71 0.068
19 71 0.233
27 71 0.19
29 71 0.006
32 71 0.405
34 71 0.5
39 71 0.281
43 71 0.652
45 71 0.052
50 71 0.517
54 71 0.528
59 71 0.403
60 71 0.915
61 71 0.127
63 71 0.427
64 71 0.46
66 71 0.373
68 71 0.974
3 72 0.572
8 72 0.516
9 72 0.44
14 72 0.437
18 72 0.951
19 72 0.799
22 72 0.648
23 72 0.162
25 72 0.595
29 72 0.128
34 72 0.351
35 72 0.023
38 72 0.705
53 72 0.977
56 72 0.638
60 72 0.57
61 72 0.25
65 72 0.442
70 72 0.464
71 72 0.423
1 73 0.269
4 73 0.219
5 73 0.751
9 73 0.952
17 73 0.821
18 73 0.622
25 73 0.028
27 73 0.302
28 73 0.84
31 73 0.973
32 73 0.548
34 73 0.569
35 73 0.686
36 73 0.247
38 73 0.712
39 73 0.365
43 73 0.847
44 73 0.462
45 73 0.663
46 73 0.556
49 73 0.535
50 73 0.461
51 73 0.952
53 73 0.755
59 73 0.42
62 73 0.505
63 73 0.898
69 73 0.747
72 73 0.653
1 74 0.959
3 74 0.117
9 74 0.598
10 74 0.624
11 74 0.455
13 74 0.963
16 74 0.967
19 74 0.391
20 74 0.616
23 74 0.766
24 74 0.696
26 74 0.363
27 74 0.798
31 74 0.349
37 74 0.147
43 74 0.665
51 74 0.649
53 74 0.409
58 74 0.499
59 74 0.988
64 74 0.808
67 74 0.407
71 74 0.912
72 74 0.57
0 75 0.405
1 75 0.647
5 75 0.784
7 75 0.896
8 75 0.67
10 75 0.667
11 75 0.401
12 75 0.04
14 75 0.455
18 75 0.114
20 75 0.942
23 75 0.362
26 75 0.605
28 75 0.733
35 75 0.179
39 75 0.834
44 75 0.326
45 75 0.08
47 75 0.6
49 75 0.402
52 75 0.919
53 75 0.445
54 75 0.094
57 75 0.018
65 75 0.03
68 75 0.493
69 75 0.714
72 75 0.051
4 76 0.33
6 76 0.478
10 76 0.898
12 76 0.971
13 76 0.875
14 76 0.639
21 76 0.575
26 76 0.223
27 76 0.612
28 76 0.166
29 76 0.303
32 76 0.83
36 76 0.568
39 76 0.726
40 76 0.465
45 76 0.279
48 76 0.504
49 76 0.573
60 76 0.242
61 76 0.845
65 76 0.981
67 76 0.181
68 76 0.242
71 76 0.811
73 76 0.722
75 76 0.225
3 77 0.586
4 77 0.238
10 77 0.863
11 77 0.587
13 77 0.511
14 77 0.162
17 77 0.406
18 77 0.473
32 77 0.362
33 77 0.18
43 77 0.198
49 77 0.7
51 77 0.925
59 77 0.844
61 77 0.615
66 77 0.791
67 77 0.134
71 77 0.21
75 77 0.704
76 77 0.001
2 78 0.084
4 78 0.779
8 78 0.197
9 78 0.185
10 78 0.395
12 78 0.837
15 78 0.01
18 78 0.877
19 78 0.305
20 78 0.571
22 78 0.473
25 78 0.122
27 78 0.958
28 78 0.176
31 78 0.805
32 78 0.879
33 78 0.454
35 78 0.96
39 78 0.063
40 78 0.148
50 78 0.484
53 78 0.075
56 78 0.808
58 78 0.527
61 78 0.799
62 78 0.286
64 78 0.027
65 78 0.89
67 78 0.208
71 78 0.417
72 78 0.126
73 78 0.587
74 78 0.464
75 78 0.198
0 79 0.039
2 79 0.338
6 79 0.784
8 79 0.154
10 79 0.228
11 79 0.619
12 79 0.635
13 79 0.804
14 79 0.645
15 79 0.85
20 79 0.155
25 79 0.922
26 79 0.029
27 79 0.119
30 79 0.104
36 79 0.775
44 79 0.505
45 79 0.921
48 79 0.975
50 79 0.952
56 79 0.614
60 79 0.351
61 79 0.957
66 79 0.733
72 79 0.196
73 79 0.553
74 79 0.02
77 79 0.017
4 80 0.639
5 80 0.719
6 80 0.861
10 80 0.753
13 80 0.137
14 80 0.738
16 80 0.981
20 80 0.677
21 80 0.481
22 80 0.295
23 80 0.064
26 80 0.625
31 80 0.962
32 80 0.115
39 80 0.821
42 80 0.898
55 80 0.352
56 80 0.846
62 80 0.156
65 80 0.301
69 80 0.566
73 80 0.88
78 80 0.536
0 81 0.089
1 81 0.93
3 81 0.572
7 81 0.779
8 81 0.23
9 81 0.335
15 81 0.09
17 81 0.187
28 81 0.437
30 81 0.411
31 81 0.657
32 81 0.834
39 81 0.334
45 81 0.926
48 81 0.653
50 81 0.345
62 81 0.185
63 81 0.956
71 81 0.657
75 81 0.043
78 81 0.685
79 81 0.378
3 82 0.421
5 82 0.766
7 82 0.223
8 82 0.268
13 82 0.54
14 82 0.905
15 82 0.086
16 82 0.834
18 82 0.721
21 82 0.177
24 82 0.662
26 82 0.621
28 82 0.71
29 82 0.537
30 82 0.314
31 82 0.503
34 82 0.238
35 82 0.455
41 82 0.406
42 82 0.107
48 82 0.232
49 82 0.344
53 82 0.394
56 82 0.563
58 82 0.747
62 82 0.259
63 82 0.555
66 82 0.338
68 82 0.227
71 82 0.14
72 82 0.96
73 82 0.932
77 82 0.831
6 83 0.172
16 83 0.151
18 83 0.104
20 83 0.3
25 83 0.426
26 83 0.007
28 83 0.422
29 83 0.689
33 83 0.834
34 83 0.19
35 83 0.002
41 83 0.795
42 83 0.38
45 83 0.314
46 83 0.155
49 83 0.268
50 83 0.266
54 83 0.257
62 83 0.233
64 83 0.517
65 83 0.813
68 83 0.309
74 83 0.416
77 83 0.484
78 83 0.842
79 83 0.766
0 84 0.985
8 84 0.173
10 84 0.805
11 84 0.295
17 84 0.577
22 84 0.527
23 84 0.575
24 84 0.322
26 84 0.072
30 84 0.008
31 84 0.927
33 84 0.886
42 84 0.46
44 84 0.09
45 84 0.838
46 84 0.502
47 84 0.47
57 84 0.639
59 84 0.158
62 84 0.219
69 84 0.815
72 84 0.735
75 84 0.984
76 84 0.433
79 84 0.972
80 84 0.889
82 84 0.508
83 84 0.892
4 85 0.163
5 85 0.07
6 85 0.814
12 85 0.141
21 85 0.515
23 85 0.737
29 85 0.679
33 85 0.22
36 85 0.787
41 85 0.043
45 85 0.562
49 85 0.898
52 85 0.546
54 85 0.303
55 85 0.997
56 85 0.727
59 85 0.792
62 85 0.896
66 85 0.935
69 85 0.574
70 85 0.824
71 85 0.502
74 85 0.255
77 85 0.278
79 85 0.262
80 85 0.026
81 85 0.62
84 85 0.4
3 86 0.91
4 86 0.051
5 86 0.783
9 86 0.195
10 86 0.324
11 86 0.293
12 86 0.957
13 86 0.646
21 86 0.467
24 86 0.184
25 86 0.048
38 86 0.367
50 86 0.974
56 86 0.444
57 86 0.675
62 86 0.88
64 86 0.048
65 86 0.321
67 86 0.418
68 86 0.226
69 86 0.383
72 86 0.681
77 86 0.135
79 86 0.694
80 86 0.297
1 87 0.657
5 87 0.174
6 87 0.789
10 87 0.419
13 87 0.832
19 87 0.968
20 87 0.581
24 87 0.021
26 87 0.366
28 87 0.976
29 87 0.652
32 87 0.759
36 87 0.476
38 87 0.941
43 87 0.907
45 87 0.613
46 87 0.59
48 87 0.103
56 87 0.007
57 87 0.205
59 87 0.721
61 87 0.847
62 87 0.77
69 87 0.887
73 87 0.03
76 87 0.029
78 87 0.255
3 88 0.018
5 88 0.586
7 88 0.93
8 88 0.899
11 88 0.106
12 88 0.664
14 88 0.671
15 88 0.657
20 88 0.412
22 88 0.236
28 88 0.886
30 88 0.904
32 88 0.716
34 88 0.544
42 88 0.033
46 88 0.277
52 88 0.24
53 88 0.243
56 88 0.216
58 88 0.668
63 88 0.68
64 88 0.176
66 88 0.902
67 88 0.001
68 88 0.956
69 88 0.583
70 88 0.645
74 88 0.282
75 88 0.691
77 88 0.876
79 88 0.205
80 88 0.132
83 88 0.788
85 88 0.249
86 88 0.106
0 89 0.492
1 89 0.187
7 89 0.213
11 89 0.284
13 89 0.085
15 89 0.819
20 89 0.565
21 89 0.653
22 89 0.292
23 89 0.775
24 89 0.961
26 89 1.0
28 89 0.042
33 89 0.31
36 89 0.09
45 89 0.475
46 89 0.658
47 89 0.608
51 89 0.354
53 89 0.964
56 89 0.624
59 89 0.997
60 89 0.426
61 89 0.645
63 89 0.099
64 89 0.536
65 89 0.646
69 89 0.233
71 89 0.624
73 89 0.132
76 89 0.461
81 89 0.607
86 89 0.48
4 90 0.151
9 90 0.19
14 90 0.375
15 90 0.652
16 90 0.433
17 90 0.201
18 90 0.338
21 90 0.309
28 90 0.138
30 90 0.589
31 90 0.471
33 90 0.326
34 90 0.002
36 90 0.914
39 90 0.045
41 90 0.115
44 90 0.294
46 90 0.789
47 90 0.937
48 90 0.759
53 90 0.206
54 90 0.839
57 90 0.032
64 90 0.112
65 90 0.112
68 90 0.563
73 90 0.594
75 90 0.627
77 90 0.948
79 90 0.752
82 90 0.744
84 90 0.173
1 91 0.91
9 91 0.919
17 91 0.828
18 91 0.081
24 91 0.714
27 91 0.519
29 91 0.537
33 91 0.268
36 91 0.773
39 91 0.807
46 91 0.77
50 91 0.302
51 91 0.736
65 91 0.086
69 91 0.681
71 91 0.03
75 91 0.006
76 91 0.104
79 91 0.653
86 91 0.984
88 91 0.468
89 91 0.644
1 92 0.586
6 92 0.841
13 92 0.97
21 92 0.818
24 92 0.332
37 92 0.072
38 92 0.893
39 92 0.279
40 92 0.759
41 92 0.865
47 92 0.168
48 92 0.194
54 92 0.423
56 92 0.844
58 92 0.852
60 92 0.993
61 92 0.273
68 92 0.623
74 92 0.873
77 92 0.377
78 92 0.587
80 92 0.225
81 92 0.857
82 92 0.443
83 92 0.486
84 92 0.656
85 92 0.319
88 92 0.813
89 92 0.459
1 93 0.43
5 93 0.726
6 93 0.667
7 93 0.71
8 93 0.875
15 93 0.809
19 93 0.408
20 93 0.644
21 93 0.864
25 93 0.056
26 93 0.659
29 93 0.527
30 93 0.403
31 93 0.119
36 93 0.288
40 93 0.75
41 93 0.884
42 93 0.987
43 93 0.754
49 93 0.88
51 93 0.826
54 93 0.165
61 93 0.69
62 93 0.869
64 93 0.752
67 93 0.276
69 93 0.7
74 93 0.39
75 93 0.433
78 93 0.731
80 93 0.676
81 93 0.136
87 93 0.641
90 93 0.06
92 93 0.207
0 94 0.825
2 94 0.913
3 94 0.254
4 94 0.764
8 94 0.182
16 94 0.498
23 94 0.348
24 94 0.084
26 94 0.433
34 94 0.552
37 94 0.851
44 94 0.103
45 94 0.288
48 94 0.004
52 94 0.209
54 94 0.266
56 94 0.82
60 94 0.939
61 94 0.215
64 94 0.482
65 94 0.524
67 94 0.491
72 94 0.959
73 94 0.95
75 94 0.039
80 94 0.408
83 94 0.528
91 94 0.65
93 94 0.53
3 95 0.82
7 95 0.099
9 95 0.461
14 95 0.83
15 95 0.171
18 95 0.174
21 95 0.616
27 95 0.145
31 95 0.545
35 95 0.124
41 95 0.187
42 95 0.334
46 95 0.783
47 95 0.611
49 95 0.608
55 95 0.628
56 95 0.397
58 95 0.976
63 95 0.595
67 95 0.629
72 95 0.067
75 95 0.25
76 95 0.586
78 95 0.956
83 95 0.704
84 95 0.054
86 95 0.808
88 95 0.212
90 95 0.595
92 95 0.191
93 95 0.061
0 96 0.773
1 96 0.486
4 96 0.605
6 96 0.705
11 96 0.594
16 96 0.417
18 96 0.322
20 96 0.53
22 96 0.246
23 96 0.262
24 96 0.811
27 96 0.342
28 96 0.721
32 96 0.68
37 96 0.465
41 96 0.785
43 96 0.33
53 96 0.004
54 96 0.848
55 96 0.749
61 96 0.738
63 96 0.92
74 96 0.408
77 96 0.426
81 96 0.613
82 96 0.872
85 96 0.281
87 96 0.758
90 96 0.957
93 96 0.254
2 97 0.017
4 97 0.162
11 97 0.645
12 97 0.216
13 97 0.948
19 97 0.092
24 97 0.895
29 97 0.354
32 97 0.92
36 97 0.339
42 97 0.111
47 97 0.675
48 97 0.299
49 97 0.94
51 97 0.823
54 97 0.256
56 97 0.49
57 97 0.55
67 97 0.773
70 97 0.264
73 97 0.566
75 97 0.519
79 97 0.588
83 97 0.555
90 97 0.432
95 97 0.387
0 98 0.395
3 98 0.994
4 98 0.522
5 98 0.106
6 98 0.394
8 98 0.766
14 98 0.682
18 98 0.081
19 98 0.413
21 98 0.452
24 98 0.845
29 98 0.267
30 98 0.916
31 98 0.814
34 98 0.02
36 98 0.497
38 98 0.533
43 98 0.631
44 98 0.888
45 98 0.202
50 98 0.828
55 98 0.009
57 98 0.833
58 98 0.262
62 98 0.026
63 98 0.813
66 98 0.971
79 98 0.658
80 98 0.778
82 98 0.397
87 98 0.248
90 98 0.665
91 98 0.809
92 98 0.269
94 98 0.376
6 99 0.271
7 99 0.265
13 99 0.866
14 99 0.007
19 99 0.022
22 99 0.184
24 99 0.785
26 99 0.57
28 99 0.757
30 99 0.696
31 99 0.888
43 99 0.587
45 99 0.022
47 99 0.102
50 99 0.412
52 99 0.118
53 99 0.31
55 99 0.275
59 99 0.983
63 99 0.965
64 99 0.673
74 99 0.421
81 99 0.413
87 99 0.07
90 99 0.453
0 2 0.143
1 2 0.532
1 4 0.816
2 4 0.401
3 4 0.706
0 7 0.814
1 7 0.915
1 8 0.427
2 8 0.237
3 8 0.89
5 8 0.499
1 9 0.273
2 9 0.683
4 9 0.863
5 9 0.983
6 9 0.377
2 10 0.265
3 10 0.25
3 11 0.298
4 11 0.218
5 11 0.92
8 11 0.634
10 11 0.05
2 12 0.094
3 12 0.185
4 12 0.968
6 12 0.342
9 12 0.806
10 12 0.225
1 13 0.196
10 13 0.942
0 14 0.075
2 14 0.501
4 14 0.529
6 14 0.338
12 14 0.756
13 14 0.854
0 15 0.229
1 15 0.302
2 15 0.486
3 15 0.48
4 15 0.632
6 15 0.774
0 16 0.339
2 16 0.941
11 16 0.456
14 16 0.029
6 17 0.422
9 17 0.53
11 17 0.183
12 17 0.88
15 17 0.597
2 18 0.52
8 18 0.284
12 18 0.133
16 18 0.276
1 19 0.641
2 19 0.683
6 19 0.683
7 19 0.032
12 19 0.778
13 19 0.695
15 19 0.682
18 19 0.523
2 20 0.854
7 20 0.962
11 20 0.583
16 20 0.432
18 20 0.541
1 21 0.801
3 21 0.677
4 21 0.776
13 21 0.309
14 21 0.602
19 21 0.236
0 22 0.577
7 22 0.015
10 22 0.534
11 22 0.727
13 22 0.911
17 22 0.485
18 22 0.873
19 22 0.2
20 22 0.012
21 22 0.553
0 23 0.344
1 23 0.395
4 23 0.599
10 23 0.756
12 23 0.862
18 23 0.324
19 23 0.582
0 24 0.63
1 24 0.685
2 24 0.584
3 24 0.465
6 24 0.809
8 24 0.02
9 24 0.786
10 24 0.167
13 24 0.182
15 24 0.672
19 24 0.455
22 24 0.342
23 24 0.078
2 25 0.051
6 25 0.268
18 25 0.096
19 25 0.697
20 25 0.201
22 25 0.381
0 26 0.421
1 26 0.705
5 26 0.816
6 26 0.632
10 26 0.217
14 26 0.137
20 26 0.559
21 26 0.366
22 26 0.725
23 26 0.216
24 26 0.691
25 26 0.358
2 27 0.28
3 27 0.181
5 27 0.754
8 27 0.504
12 27 0.544
13 27 0.832
14 27 0.027
15 27 0.545
16 27 0.329
18 27 0.244
23 27 0.828
25 27 0.243
2 28 0.409
5 28 0.434
6 28 0.138
8 28 0.31
9 28 0.004
19 28 0.5
25 28 0.628
2 29 1.0
4 29 0.959
5 29 0.332
7 29 0.963
15 29 0.104
4 30 0.149
5 30 0.53
16 30 0.683
19 30 0.594
21 30 0.036
22 30 0.408
23 30 0.492
25 30 0.386
26 30 0.761
0 31 0.744
1 31 0.086
2 31 0.465
10 31 0.697
12 31 0.788
13 31 0.663
22 31 0.977
23 31 0.74
25 31 0.394
27 31 0.835
30 31 0.612
0 32 0.597
1 32 0.594
4 32 0.753
5 32 0.709
6 32 0.458
7 32 0.787
13 32 0.421
14 32 0.741
15 32 0.914
16 32 0.53
17 32 0.148
18 32 0.906
23 32 0.213
25 32 0.211
27 32 0.046
28 32 0.419
6 33 0.401
7 33 0.818
8 33 0.172
10 33 0.377
11 33 0.77
13 33 0.024
15 33 0.413
16 33 0.149
20 33 0.77
22 33 0.299
24 33 0.141
26 33 0.112
28 33 0.209
30 33 0.703
4 34 0.116
10 34 0.04
11 34 0.239
13 34 0.042
14 34 0.731
16 34 0.758
17 34 0.533
22 34 0.334
24 34 0.039
25 34 0.715
26 34 0.242
31 34 0.549
32 34 0.988
33 34 0.24
3 35 0.688
4 35 0.438
11 35 0.534
18 35 0.405
22 35 0.702
26 35 0.521
27 35 0.032
30 35 0.82
31 35 0.239
32 35 0.351
0 36 0.479
1 36 0.594
3 36 0.757
10 36 0.119
20 36 0.383
22 36 0.621
24 36 0.471
28 36 0.243
32 36 0.796
4 37 0.963
5 37 0.645
9 37 0.535
14 37 0.155
25 37 0.479
27 37 0.785
29 37 0.316
30 37 0.438
34 37 0.448
35 37 0.309
0 38 0.616
2 38 0.296
4 38 0.922
9 38 0.838
11 38 0.308
15 38 0.067
17 38 0.023
27 38 0.814
28 38 0.423
30 38 0.12
31 38 0.048
32 38 0.781
0 39 0.206
1 39 0.921
2 39 0.357
5 39 0.628
7 39 0.347
11 39 0.655
12 39 0.141
15 39 0.267
16 39 0.122
21 39 0.063
23 39 0.563
3 40 0.992
8 40 0.007
10 40 0.878
11 40 0.287
14 40 0.16
17 40 0.031
20 40 0.35
21 40 0.086
23 40 0.495
29 40 0.459
31 40 0.167
33 40 0.884
0 41 0.584
4 41 0.759
6 41 0.24
9 41 0.722
11 41 0.695
19 41 0.774
21 41 0.186
24 41 0.949
28 41 0.456
29 41 0.08
30 41 0.922
35 41 0.306
36 41 0.896
40 41 0.208
1 42 0.073
5 42 0.513
7 42 0.549
10 42 0.674
14 42 0.641
22 42 0.362
26 42 0.76
32 42 0.515
38 42 0.145
39 42 0.584
3 43 0.352
8 43 0.545
10 43 0.158
15 43 0.253
17 43 0.265
19 43 0.664
29 43 0.024
38 43 0.416
40 43 0.402
42 43 0.874
0 44 0.123
1 44 0.515
3 44 0.81
5 44 0.408
11 44 0.956
12 44 0.254
20 44 0.495
23 44 0.305
24 44 0.282
25 44 0.07
26 44 0.777
28 44 0.654
29 44 0.836
30 44 0.477
31 44 0.182
33 44 0.66
35 44 0.934
36 44 0.557
40 44 0.263
42 44 0.523
1 45 0.854
2 45 0.819
4 45 0.627
5 45 0.742
13 45 0.032
26 45 0.137
28 45 0.011
30 45 0.45
31 45 0.49
35 45 0.017
37 45 0.82
38 45 0.547
43 45 0.731
2 46 0.966
4 46 0.764
7 46 0.747
8 46 0.638
9 46 0.525
13 46 0.768
17 46 0.783
19 46 0.299
23 46 0.805
28 46 0.149
32 46 0.532
33 46 0.92
34 46 0.218
35 46 0.891
36 46 0.484
37 46 0.73
2 47 0.151
14 47 0.051
18 47 0.251
22 47 0.596
28 47 0.892
33 47 0.565
37 47 0.522
42 47 0.38
46 47 0.501
0 48 0.714
1 48 0.867
2 48 0.346
8 48 0.674
9 48 0.347
10 48 0.253
12 48 0.055
14 48 0.405
15 48 0.609
17 48 0.509
20 48 0.448
21 48 0.77
22 48 0.453
31 48 0.691
36 48 0.556
38 48 0.95
41 48 0.333
45 48 0.442
4 49 0.768
11 49 0.296
17 49 0.795
18 49 0.324
22 49 0.154
23 49 0.546
24 49 0.561
32 49 0.305
33 49 0.273
36 49 0.998
41 49 0.504
43 49 0.71
5 50 0.42
6 50 0.55
9 50 0.286
11 50 0.169
14 50 0.833
21 50 0.682
23 50 0.304
28 50 0.406
29 50 0.56
33 50 0.065
37 50 0.615
39 50 0.995
41 50 0.685
46 50 0.466
21 51 0.121
33 51 0.539
38 51 0.582
44 51 0.698
50 51 0.883
3 52 0.269
4 52 0.105
10 52 0.969
13 52 0.534
18 52 0.888
19 52 0.604
20 52 0.901
22 52 0.602
24 52 0.726
25 52 0.634
26 52 0.953
27 52 0.751
31 52 0.974
32 52 0.416
33 52 0.206
39 52 0.201
40 52 0.456
45 52 0.556
47 52 0.689
50 52 0.465
0 53 0.965
2 53 0.405
8 53 0.009
10 53 0.528
14 53 0.658
16 53 0.242
17 53 0.742
24 53 0.197
28 53 0.904
29 53 0.446
33 53 0.952
35 53 0.614
36 53 0.724
43 53 0.206
44 53 0.881
45 53 0.99
50 53 0.15
4 54 0.579
11 54 0.16
12 54 0.88
15 54 0.865
16 54 0.912
22 54 0.768
23 54 0.388
31 54 0.632
32 54 0.059
33 54 0.106
37 54 0.555
44 54 0.741
9 55 0.294
11 55 0.013
12 55 0.045
13 55 0.33
20 55 0.372
23 55 0.906
24 55 0.69
26 55 0.882
28 55 0.756
31 55 0.701
33 55 0.763
34 55 0.222
35 55 0.758
37 55 0.581
44 55 0.644
46 55 0.496
47 55 0.448
50 55 0.844
52 55 0.8
53 55 0.193
2 56 0.86
3 56 0.54
4 56 0.062
7 56 0.79
8 56 0.88
13 56 0.434
17 56 0.429
18 56 0.27
20 56 0.194
21 56 0.535
25 56 0.437
27 56 0.653
28 56 0.658
34 56 0.194
36 56 0.77
37 56 0.451
40 56 0.407
46 56 0.185
48 56 0.611
51 56 0.68
52 56 0.782
55 56 0.821
0 57 0.349
1 57 0.546
4 57 0.615
5 57 0.389
6 57 0.01
8 57 0.729
9 57 0.899
10 57 0.474
13 57 0.922
18 57 0.052
20 57 0.584
21 57 0.397
28 57 0.639
31 57 0.36
32 57 0.719
33 57 0.203
34 57 0.287
35 57 0.412
36 57 0.418
39 57 0.416
44 57 0.943
45 57 0.514
49 57 0.561
50 57 0.128
56 57 0.531
2 58 0.761
4 58 0.703
5 58 0.957
7 58 0.596
10 58 0.371
12 58 0.871
13 58 0.979
19 58 0.971
23 58 0.115
25 58 0.676
27 58 0.159
28 58 0.266
33 58 0.776
36 58 0.874
37 58 0.592
40 58 0.32
42 58 0.486
49 58 0.308
50 58 0.265
53 58 0.205
57 58 0.949
2 59 0.932
7 59 0.185
8 59 0.847
13 59 0.749
16 59 0.725
17 59 0.255
21 59 0.532
25 59 0.815
28 59 0.701
29 59 0.933
32 59 0.055
34 59 0.331
41 59 0.371
43 59 0.415
44 59 0.986
45 59 0.968
53 59 0.832
2 60 0.657
4 60 0.774
11 60 0.849
14 60 0.214
16 60 0.627
19 60 0.984
30 60 0.166
34 60 0.445
37 60 0.368
40 60 0.854
42 60 0.463
45 60 0.138
50 60 0.374
51 60 0.646
57 60 0.545
58 60 0.027
0 61 0.815
2 61 0.284
4 61 0.036
7 61 0.625
11 61 0.671
12 61 0.607
16 61 0.092
17 61 0.021
24 61 0.724
28 61 0.508
30 61 0.011
34 61 0.56
35 61 0.084
39 61 0.473
42 61 0.71
54 61 0.225
56 61 0.406
58 61 0.72
59 61 0.276
3 62 0.621
5 62 0.056
6 62 0.704
12 62 0.236
13 62 0.432
22 62 0.994
24 62 0.778
31 62 0.185
32 62 0.798
34 62 0.398
37 62 0.496
40 62 0.28
44 62 0.174
47 62 0.986
49 62 0.39
54 62 0.206
56 62 0.802
58 62 0.105
59 62 0.413
60 62 0.115
1 63 0.035
2 63 0.984
4 63 0.489
7 63 0.653
20 63 0.147
21 63 0.365
22 63 0.059
23 63 0.843
28 63 0.008
31 63 0.94
37 63 0.961
39 63 0.198
43 63 0.287
46 63 0.178
51 63 0.025
58 63 0.475
59 63 0.526
60 63 0.883
3 64 0.482
5 64 0.174
10 64 0.429
12 64 0.16
17 64 0.034
26 64 0.388
32 64 0.832
34 64 0.081
37 64 0.974
42 64 0.841
46 64 0.994
47 64 0.595
48 64 0.308
49 64 0.77
54 64 0.149
55 64 0.522
57 64 0.832
62 64 0.537
0 65 0.765
2 65 0.179
4 65 0.862
11 65 0.151
16 65 0.333
18 65 0.593
24 65 0.917
27 65 0.12
29 65 0.28
39 65 0.772
46 65 0.247
47 65 0.393
51 65 0.18
53 65 0.991
62 65 0.787
3 66 0.379
6 66 0.994
10 66 0.886
11 66 0.321
13 66 0.075
18 66 0.717
21 66 0.636
24 66 0.265
26 66 0.009
27 66 0.286
28 66 0.932
32 66 0.681
33 66 0.669
34 66 0.697
39 66 0.27
41 66 0.88
43 66 0.472
53 66 0.927
54 66 0.611
55 66 0.681
60 66 0.872
61 66 0.981
63 66 0.714
1 67 0.944
2 67 0.412
9 67 0.315
10 67 0.26
12 67 0.37
15 67 0.895
22 67 0.327
25 67 0.246
27 67 0.091
29 67 0.72
30 67 0.933
32 67 0.424
44 67 0.153
48 67 0.763
49 67 0.849
53 67 0.407
55 67 0.473
56 67 0.374
57 67 0.535
59 67 0.661
61 67 0.925
63 67 0.334
6 68 0.963
13 68 0.613
20 68 0.458
21 68 0.843
27 68 0.239
29 68 0.547
34 68 0.911
39 68 0.834
48 68 0.861
51 68 0.53
52 68 0.645
53 68 0.781
61 68 0.245
62 68 0.965
66 68 0.8
67 68 0.488
11 69 0.599
12 69 0.947
19 69 0.014
21 69 0.274
22 69 0.878
23 69 0.047
25 69 0.698
28 69 0.298
35 69 0.244
38 69 0.05
39 69 0.285
44 69 0.366
47 69 0.653
50 69 0.813
51 69 0.599
54 69 0.153
55 69 0.524
61 69 0.927
2 70 0.235
4 70 0.698
5 70 0.221
7 70 0.302
12 70 0.543
17 70 0.833
29 70 0.538
30 70 0.192
40 70 0.574
42 70 0.053
43 70 0.732
44 70 0.558
45 70 0.334
49 70 0.627
55 70 0.357
57 70 0.492
58 70 0.586
59 70 0.8
66 70 0.192
1 71 0.964
4 71 0.849
5 71 0.188
6 71 0.911
7 71 0.268
9 71 0.846
10 71 0.213
12 71 0.862
14 71 0.865
18 71 0.559
19 71 0.68
27 71 0.755
29 71 0.636
32 71 0.335
34 71 0.77
39 71 0.903
43 71 0.536
45 71 0.859
50 71 0.361
54 71 0.448
59 71 0.68
60 71 0.318
61 71 0.789
63 71 0.796
64 71 0.206
66 71 0.401
68 71 0.882
3 72 0.516
8 72 0.036
9 72 0.809
14 72 0.183
18 72 0.468
19 72 0.903
22 72 0.765
23 72 0.745
25 72 0.017
29 72 0.248
34 72 0.115
35 72 0.981
38 72 0.214
53 72 0.161
56 72 0.713
60 72 0.781
61 72 0.717
65 72 0.532
70 72 0.89
71 72 0.6
1 73 0.037
4 73 0.836
5 73 0.007
9 73 0.994
17 73 0.58
18 73 0.627
25 73 0.238
27 73 0.862
28 73 0.362
31 73 0.575
32 73 0.059
34 73 0.674
35 73 0.842
36 73 0.615
38 73 0.808
39 73 0.57
43 73 0.556
44 73 0.832
45 73 0.185
46 73 0.392
49 73 0.804
50 73 0.74
51 73 0.911
53 73 0.729
59 73 0.671
62 73 0.637
63 73 0.226
69 73 0.774
72 73 0.818
1 74 0.232
3 74 0.375
9 74 0.432
10 74 0.734
11 74 0.075
13 74 0.124
16 74 0.923
19 74 0.769
20 74 0.408
23 74 0.167
24 74 0.004
26 74 0.152
27 74 0.889
31 74 0.084
37 74 0.85
43 74 0.18
51 74 0.803
53 74 0.227
58 74 0.705
59 74 0.77
64 74 0.518
67 74 0.241
71 74 0.496
72 74 0.245
0 75 0.971
1 75 0.46
5 75 0.573
7 75 0.321
8 75 0.435
10 75 0.9
11 75 0.888
12 75 0.829
14 75 0.948
18 75 0.99
20 75 0.015
23 75 0.289
26 75 0.091
28 75 0.837
35 75 0.145
39 75 0.793
44 75 0.193
45 75 0.201
47 75 0.324
49 75 0.893
52 75 0.249
53 75 0.19
54 75 0.782
57 75 0.259
65 75 0.58
68 75 0.477
69 75 0.707
72 75 0.494
4 76 0.227
6 76 0.129
10 76 0.841
12 76 0.226
13 76 0.254
14 76 0.578
21 76 0.948
26 76 0.362
27 76 0.323
28 76 0.342
29 76 0.456
32 76 0.915
36 76 0.578
39 76 0.55
40 76 0.315
45 76 0.34
48 76 0.452
49 76 0.805
60 76 0.902
61 76 0.815
65 76 0.217
67 76 0.934
68 76 0.303
71 76 0.326
73 76 0.472
75 76 0.101
3 77 0.516
4 77 0.947
10 77 0.118
11 77 0.968
13 77 0.409
14 77 0.251
17 77 0.541
18 77 0.096
32 77 0.334
33 77 0.762
43 77 0.299
49 77 0.739
51 77 0.283
59 77 0.752
61 77 0.719
66 77 0.577
67 77 0.461
71 77 0.225
75 77 0.104
76 77 0.512
2 78 0.345
4 78 0.844
8 78 0.114
9 78 0.087
10 78 0.335
12 78 0.548
15 78 0.738
18 78 0.632
19 78 0.256
20 78 0.079
22 78 0.665
25 78 0.116
27 78 0.785
28 78 0.624
31 78 0.903
32 78 0.438
33 78 0.46
35 78 0.64
39 78 0.106
40 78 0.851
50 78 0.594
53 78 0.69
56 78 0.069
58 78 0.281
61 78 0.15
62 78 0.326
64 78 0.383
65 78 0.93
67 78 0.469
71 78 0.563
72 78 0.421
73 78 0.412
74 78 0.069
75 78 0.678
0 79 0.486
2 79 0.205
6 79 0.754
8 79 0.02
10 79 0.884
11 79 0.541
12 79 0.836
13 79 0.5
14 79 0.133
15 79 0.481
20 79 0.217
25 79 0.55
26 79 0.01
27 79 0.688
30 79 0.795
36 79 0.561
44 79 0.35
45 79 0.676
48 79 0.393
50 79 0.967
56 79 0.904
60 79 0.434
61 79 0.805
66 79 0.245
72 79 0.929
73 79 0.668
74 79 0.001
77 79 0.643
4 80 0.38
5 80 0.648
6 80 0.116
10 80 0.344
13 80 0.939
14 80 0.571
16 80 0.508
20 80 0.675
21 80 0.116
22 80 0.137
23 80 0.404
26 80 0.355
31 80 0.469
32 80 0.549
39 80 0.082
42 80 0.288
55 80 0.815
56 80 0.748
62 80 0.631
65 80 0.05
69 80 0.661
73 80 0.093
78 80 0.208
0 81 0.253
1 81 0.989
3 81 0.35
7 81 0.312
8 81 0.099
9 81 0.418
15 81 0.789
17 81 0.343
28 81 0.422
30 81 0.115
31 81 0.159
32 81 0.11
39 81 0.832
45 81 0.849
48 81 0.47
50 81 0.573
62 81 0.391
63 81 0.689
71 81 0.225
75 81 0.349
78 81 0.725
79 81 0.345
3 82 0.995
5 82 0.466
7 82 0.0
8 82 0.485
13 82 0.867
14 82 0.178
15 82 0.442
16 82 0.557
18 82 0.881
21 82 0.015
24 82 0.719
26 82 0.082
28 82 0.708
29 82 0.939
30 82 0.635
31 82 0.023
34 82 0.276
35 82 0.472
41 82 0.898
42 82 0.433
48 82 0.248
49 82 0.747
53 82 0.734
56 82 0.983
58 82 0.619
62 82 0.768
63 82 0.881
66 82 0.194
68 82 0.037
71 82 0.82
72 82 0.624
73 82 0.87
77 82 0.844
6 83 0.122
16 83 0.272
18 83 0.85
20 83 0.555
25 83 0.786
26 83 0.907
28 83 0.015
29 83 0.251
33 83 0.074
34 83 0.227
35 83 0.388
41 83 0.916
42 83 0.218
45 83 0.491
46 83 0.426
49 83 0.953
50 83 0.677
54 83 0.413
62 83 0.089
64 83 0.267
65 83 0.124
68 83 0.992
74 83 0.296
77 83 0.178
78 83 0.031
79 83 0.155
0 84 0.596
8 84 0.499
10 84 0.583
11 84 0.72
17 84 0.191
22 84 0.598
23 84 0.588
24 84 0.978
26 84 0.415
30 84 0.218
31 84 0.226
33 84 0.709
42 84 0.805
44 84 0.298
45 84 0.825
46 84 0.932
47 84 0.381
57 84 0.095
59 84 0.924
62 84 0.254
69 84 0.991
72 84 0.396
75 84 0.5
76 84 0.45
79 84 0.074
80 84 0.357
82 84 0.088
83 84 0.486
4 85 0.114
5 85 0.608
6 85 0.538
12 85 0.921
21 85 0.819
23 85 0.616
29 85 0.794
33 85 0.398
36 85 0.812
41 85 0.621
45 85 0.83
49 85 0.874
52 85 0.67
54 85 0.902
55 85 0.014
56 85 0.933
59 85 0.487
62 85 0.504
66 85 0.233
69 85 0.319
70 85 0.556
71 85 0.36
74 85 0.008
77 85 0.341
79 85 0.16
80 85 0.993
81 85 0.091
84 85 0.72
3 86 0.763
4 86 0.999
5 86 0.734
9 86 0.728
10 86 0.619
11 86 0.896
12 86 0.843
13 86 0.506
21 86 0.965
24 86 0.576
25 86 0.41
38 86 0.292
50 86 0.623
56 86 0.554
57 86 0.311
62 86 0.473
64 86 0.418
65 86 0.871
67 86 0.123
68 86 0.072
69 86 0.505
72 86 0.546
77 86 0.031
79 86 0.445
80 86 0.129
1 87 0.193
5 87 0.774
6 87 0.019
10 87 0.207
13 87 0.488
19 87 0.822
20 87 0.783
24 87 0.515
26 87 0.51
28 87 0.81
29 87 0.54
32 87 0.784
36 87 0.439
38 87 0.124
43 87 0.921
45 87 0.213
46 87 0.571
48 87 0.675
56 87 0.494
57 87 0.364
59 87 0.06
61 87 0.439
62 87 0.079
69 87 0.539
73 87 0.445
76 87 0.071
78 87 0.36
3 88 0.445
5 88 0.272
7 88 0.952
8 88 0.297
11 88 0.076
12 88 0.036
14 88 0.064
15 88 0.432
20 88 0.028
22 88 0.45
28 88 0.924
30 88 0.259
32 88 0.703
34 88 0.536
42 88 0.174
46 88 0.436
52 88 0.018
53 88 0.438
56 88 0.103
58 88 0.117
63 88 0.458
64 88 0.373
66 88 0.186
67 88 0.155
68 88 0.283
69 88 0.962
70 88 0.964
74 88 0.309
75 88 0.025
77 88 0.483
79 88 0.887
80 88 0.241
83 88 0.99
85 88 0.42
86 88 0.27
0 89 0.077
1 89 0.284
7 89 0.533
11 89 0.289
13 89 0.384
15 89 0.722
20 89 0.498
21 89 0.082
22 89 0.09
23 89 0.86
24 89 0.173
26 89 0.393
28 89 0.688
33 89 0.976
36 89 0.52
45 89 0.748
46 89 0.616
47 89 0.8
51 89 0.473
53 89 0.217
56 89 0.542
59 89 0.624
60 89 0.153
61 89 0.591
63 89 0.458
64 89 0.38
65 89 0.487
69 89 0.366
71 89 0.365
73 89 0.986
76 89 0.321
81 89 0.474
86 89 0.004
4 90 0.292
9 90 0.81
14 90 0.504
15 90 0.684
16 90 0.914
17 90 0.691
18 90 0.95
21 90 0.864
28 90 0.206
30 90 0.628
31 90 0.022
33 90 0.638
34 90 0.903
36 90 0.726
39 90 0.885
41 90 0.572
44 90 0.776
46 90 0.234
47 90 0.282
48 90 0.088
53 90 0.132
54 90 0.777
57 90 0.104
64 90 0.772
65 90 0.266
68 90 0.844
73 90 0.968
75 90 0.042
77 90 0.576
79 90 0.664
82 90 0.462
84 90 0.023
1 91 0.499
9 91 0.704
17 91 0.522
18 91 0.159
24 91 0.543
27 91 0.026
29 91 0.176
33 91 0.335
36 91 0.481
39 91 0.371
46 91 0.259
50 91 0.936
51 91 0.101
65 91 0.161
69 91 0.747
71 91 0.319
75 91 0.861
76 91 0.846
79 91 0.504
86 91 0.634
88 91 0.38
89 91 0.748
1 92 0.972
6 92 0.626
13 92 0.369
21 92 0.917
24 92 0.006
37 92 0.755
38 92 0.952
39 92 0.228
40 92 0.637
41 92 0.108
47 92 0.396
48 92 0.943
54 92 0.087
56 92 0.188
58 92 0.156
60 92 0.155
61 92 0.224
68 92 0.957
74 92 0.609
77 92 0.512
78 92 0.805
80 92 0.658
81 92 0.975
82 92 0.34
83 92 0.531
84 92 0.906
85 92 0.31
88 92 0.921
89 92 0.379
1 93 0.454
5 93 0.399
6 93 0.119
7 93 0.352
8 93 0.706
15 93 0.849
19 93 0.562
20 93 0.059
21 93 0.586
25 93 0.651
26 93 0.62
29 93 0.259
30 93 0.061
31 93 0.527
36 93 0.254
40 93 0.825
41 93 0.857
42 93 0.066
43 93 0.763
49 93 0.451
51 93 0.43
54 93 0.458
61 93 0.864
62 93 0.093
64 93 0.942
67 93 0.919
69 93 0.433
74 93 0.975
75 93 0.801
78 93 0.684
80 93 0.534
81 93 0.716
87 93 0.576
90 93 0.79
92 93 0.237
0 94 0.423
2 94 0.267
3 94 0.001
4 94 0.706
8 94 0.607
16 94 0.24
23 94 0.813
24 94 0.728
26 94 0.764
34 94 0.586
37 94 0.304
44 94 0.658
45 94 0.257
48 94 0.534
52 94 0.813
54 94 0.509
56 94 0.863
60 94 0.824
61 94 0.462
64 94 0.392
65 94 0.277
67 94 0.466
72 94 0.086
73 94 0.831
75 94 0.245
80 94 0.076
83 94 0.138
91 94 0.349
93 94 0.332
3 95 0.618
7 95 0.337
9 95 0.217
14 95 0.476
15 95 0.508
18 95 0.514
21 95 0.382
27 95 0.546
31 95 0.983
35 95 0.358
41 95 0.703
42 95 0.431
46 95 0.712
47 95 0.396
49 95 0.801
55 95 0.991
56 95 0.71
58 95 0.745
63 95 0.051
67 95 0.685
72 95 0.693
75 95 0.158
76 95 0.77
78 95 0.821
83 95 0.918
84 95 0.413
86 95 0.181
88 95 0.202
90 95 0.013
92 95 0.503
93 95 0.98
0 96 0.37
1 96 0.523
4 96 0.131
6 96 0.769
11 96 0.355
16 96 0.286
18 96 0.814
20 96 0.696
22 96 0.575
23 96 0.715
24 96 0.135
27 96 0.709
28 96 0.573
32 96 0.623
37 96 0.325
41 96 0.451
43 96 0.093
53 96 0.458
54 96 0.475
55 96 0.564
61 96 0.492
63 96 0.612
74 96 0.549
77 96 0.996
81 96 0.159
82 96 0.648
85 96 0.744
87 96 0.785
90 96 0.173
93 96 0.258
2 97 0.705
4 97 0.626
11 97 0.323
12 97 0.817
13 97 0.443
19 97 0.26
24 97 0.468
29 97 0.214
32 97 0.746
36 97 0.967
42 97 0.723
47 97 0.576
48 97 0.097
49 97 0.947
51 97 0.872
54 97 0.83
56 97 0.726
57 97 0.078
67 97 0.317
70 97 0.486
73 97 0.602
75 97 0.211
79 97 0.884
83 97 0.492
90 97 0.724
95 97 0.885
0 98 0.256
3 98 0.194
4 98 0.581
5 98 0.121
6 98 0.028
8 98 0.035
14 98 0.782
18 98 0.841
19 98 0.385
21 98 0.468
24 98 0.571
29 98 0.308
30 98 0.338
31 98 0.387
34 98 0.261
36 98 0.698
38 98 0.555
43 98 0.112
44 98 0.098
45 98 0.746
50 98 0.483
55 98 0.858
57 98 0.719
58 98 0.585
62 98 0.255
63 98 0.611
66 98 0.468
79 98 0.748
80 98 0.255
82 98 0.987
87 98 0.949
90 98 0.981
91 98 0.385
92 98 0.194
94 98 0.447
6 99 0.766
7 99 0.653
13 99 0.013
14 99 0.224
19 99 0.961
22 99 0.534
24 99 0.069
26 99 0.572
28 99 0.777
30 99 0.909
31 99 0.116
43 99 0.711
45 99 0.11
47 99 0.639
50 99 0.542
52 99 0.021
53 99 0.175
55 99 0.419
59 99 0.707
63 99 0.988
64 99 0.277
74 99 0.277
81 99 0.689
87 99 0.455
90 99 0.596
