50 22
0 5 0.5
0 16 0.5
0 49 0.5
3 18 0.5
5 43 0.5
6 12 0.5
6 35 0.5
7 20 0.5
8 30 0.5
8 49 0.5
11 13 0.5
12 6 0.5
12 36 0.5
14 34 0.5
16 43 0.5
17 40 0.5
18 27 0.5
22 36 0.5
22 46 0.5
29 36 0.5
35 43 0.5
36 42 0.5
0 5 0.5
0 16 0.5
0 49 0.5
3 18 0.5
5 43 0.5
6 12 0.5
6 35 0.5
7 20 0.5
8 30 0.5
8 49 0.5
11 13 0.5
12 6 0.5
12 36 0.5
14 34 0.5
16 43 0.5
17 40 0.5
18 27 0.5
22 36 0.5
22 46 0.5
29 36 0.5
35 43 0.5
36 42 0.5
0.0146196778214985
0.0146196778214985
0.0146196778214985
0.0146196778214985
0.0146196778214985
0.018761919870923075
0.02542552664608435
0.0146196778214985
0.0146196778214985
0.0146196778214985
0.0146196778214985
0.0146196778214985
0.02542552664608435
0.027046403969772228
0.0146196778214985
0.0146196778214985
0.018761919870923075
0.0146196778214985
0.027046403969772228
0.0146196778214985
0.027046403969772228
0.0146196778214985
0.0146196778214985
0.0146196778214985
0.0146196778214985
0.0146196778214985
0.0146196778214985
0.037609121195804895
0.0146196778214985
0.0146196778214985
0.020833040895635365
0.0146196778214985
0.0146196778214985
0.0146196778214985
0.027046403969772228
0.02542552664608435
0.04406561586849494
0.0146196778214985
0.0146196778214985
0.0146196778214985
0.027046403969772228
0.0146196778214985
0.052075451309719197
0.06812663925123942
0.0146196778214985
0.0146196778214985
0.020833040895635365
0.0146196778214985
0.0146196778214985
0.024975282945059938
0.0146196778214985
0.0146196778214985
0.0146196778214985
0.0146196778214985
0.0146196778214985
0.018761919870923075
0.02542552664608435
0.0146196778214985
0.0146196778214985
0.0146196778214985
0.0146196778214985
0.0146196778214985
0.02542552664608435
0.027046403969772228
0.0146196778214985
0.0146196778214985
0.018761919870923075
0.0146196778214985
0.027046403969772228
0.0146196778214985
0.027046403969772228
0.0146196778214985
0.0146196778214985
0.0146196778214985
0.0146196778214985
0.0146196778214985
0.0146196778214985
0.037609121195804895
0.0146196778214985
0.0146196778214985
0.020833040895635365
0.0146196778214985
0.0146196778214985
0.0146196778214985
0.027046403969772228
0.02542552664608435
0.04406561586849494
0.0146196778214985
0.0146196778214985
0.0146196778214985
0.027046403969772228
0.0146196778214985
0.052075451309719197
0.06812663925123942
0.0146196778214985
0.0146196778214985
0.020833040895635365
0.0146196778214985
0.0146196778214985
0.024975282945059938
